Message: 12.000000
Encrypted: 3.000000
Decrypted: 12.000000

Message: 23.000000
Encrypted: 12.000000
Decrypted: 23.000000

Message: 167.000000
Encrypted: 1360.000000
Decrypted: 167.000000

